00000000
00000081
00000042
00000024
00000018
00000018
00000024
00000042
00000018
0000003C
0000007E
000000FF
0000007E
0000003C
00000018
00000000
00000000
00000000
00000000
00000000
00000000
00000000
00000000
00000000
00000000
00000000
00000000
00000000
00000000
00000000
00000000
00000000
00000000
00000000
00000000
00000000
00000000
00000000
00000000
00000000
00000000
00000000
00000000
00000000
00000000
00000000
00000000
00000000
00000000
00000000
00000000
00000000
00000000
00000000
00000000
00000000
00000002
00001A5E
000BE000
00000001
00BE0001
005F0001
00000001
00000001